0.6083916
0.6293706
0.55944055
0.67832166
0.5944056
0.67832166
0.6083916
0.62237763
0.6083916
0.62237763
0.7132867
0.6573427
0.5804196
0.62237763
0.66433567
0.6293706
0.67832166
0.5874126
0.6573427
0.5944056
0.6433566
0.6083916
0.6433566
0.55244756
0.5804196
0.66433567
0.6013986
0.6293706
0.6083916
0.5804196
0.5944056
0.72727275
0.57342654
0.6013986
0.67132866
0.57342654
0.5874126
0.74825174
0.7132867
0.6083916
0.66433567
0.55944055
0.6083916
0.7622378
0.5874126
0.6293706
0.62237763
0.6013986
0.6363636
0.6083916
0.56643355
0.5804196
0.7132867
0.61538464
0.66433567
0.6503497
0.67832166
0.67832166
0.6083916
0.6853147
0.6503497
0.6083916
0.57342654
0.5314685
0.55944055
0.67132866
0.6083916
0.6293706
0.62237763
0.6433566
0.6083916
0.57342654
0.6083916
0.62237763
0.6503497
0.6503497
0.6293706
0.7062937
0.54545456
0.6923077
0.6363636
0.5874126
0.57342654
0.6923077
0.57342654
0.6433566
0.6083916
0.66433567
0.5944056
0.7202797
0.5944056
0.66433567
0.61538464
0.6503497
0.7132867
0.6013986
0.5944056
0.67132866
0.66433567
0.6013986
