1, 4687.646
2, 4575.293
3, 4462.943
4, 4350.595
5, 4238.249
6, 4125.904
7, 4014.084
8, 3906.118
9, 3803.088
10, 3702.911
11, 3609.730
12, 3528.381
13, 3451.344
14, 3379.880
15, 3316.898
16, 3263.230
17, 3217.823
18, 3178.463
19, 3145.987
20, 3117.846
21, 3092.451
22, 3069.582
23, 3047.714
24, 3029.002
25, 3011.531
26, 2994.896
27, 2979.938
28, 2966.502
29, 2953.944
30, 2941.850
31, 2930.024
32, 2918.940
33, 2908.030
34, 2897.865
35, 2888.220
36, 2879.002
37, 2870.060
38, 2862.001
