1,3,1.84,96,78,39,0,37.3,0.238,40,-1
1,5,2.58,116,74,29,0,32.3,0.66,35,1
1,1,1.97,135,54,0,0,26.7,0.687,62,-1
1,1,1.4,112,80,45,132,34.8,0.217,24,-1
1,6,2.11,114,0,0,0,0,0.189,26,-1
1,9,2.42,112,82,32,175,34.2,0.26,36,1
1,0,0,120,74,18,63,30.5,0.285,26,-1
1,6,2.73,123,72,45,230,33.6,0.733,34,-1
1,10,2.75,94,72,18,0,23.1,0.595,56,-1
1,1,1.72,149,68,29,127,29.3,0.349,42,1
1,6,2.18,194,78,0,0,23.5,0.129,59,1
1,1,1.73,90,62,12,43,27.2,0.58,24,-1
1,5,2.68,155,84,44,545,38.7,0.619,34,-1
1,1,2.01,126,56,29,152,28.7,0.801,21,-1
1,2,1.36,125,60,20,140,33.8,0.088,31,-1
1,2,1.6,112,78,50,140,39.4,0.175,24,-1
1,13,2.54,106,70,0,0,34.2,0.251,52,-1
1,0,0,135,94,46,145,40.6,0.284,26,-1
1,8,2.99,183,64,0,0,23.3,0.672,32,1
1,6,2.74,105,80,28,0,32.5,0.878,26,-1
1,5,2.74,189,64,33,325,31.2,0.583,29,1
1,9,2.88,130,70,0,0,34.2,0.652,45,1
1,12,3.01,92,62,7,258,27.6,0.926,44,1
1,1,1.2,100,74,12,46,19.5,0.149,28,-1
1,2,2.17,134,70,0,0,28.9,0.542,23,1
1,3,1.93,83,58,31,18,34.3,0.336,25,-1
1,1,2.3,163,72,0,0,39,1.222,33,1
1,13,2.98,129,0,30,0,39.9,0.569,44,1
1,0,0,101,64,17,0,21,0.252,21,-1
1,8,2.98,196,76,29,280,37.5,0.605,57,1
1,2,2.19,129,74,26,205,33.2,0.591,25,-1
1,5,2.08,115,98,0,0,52.9,0.209,28,1
1,6,3.21,183,94,0,0,40.8,1.461,45,-1
1,3,2.49,174,58,22,194,32.9,0.593,36,1
1,1,1.4,109,58,18,116,28.5,0.219,22,-1
1,5,2.99,187,76,27,207,43.6,1.034,53,1
1,2,2.03,94,68,18,76,26,0.561,21,-1
1,5,2.64,136,82,0,0,0,0.64,69,-1
1,2,2.5,128,78,37,182,43.3,1.224,31,1
1,1,1.95,107,72,30,82,30.8,0.821,24,-1
1,2,2.09,144,58,33,135,31.6,0.422,25,1
1,1,1.66,109,38,18,120,23.1,0.407,26,-1
1,3,2.09,130,64,0,0,23.1,0.314,22,-1
1,8,3.14,118,72,19,0,23.1,1.476,46,-1
1,0,0,102,64,46,78,40.6,0.496,21,-1
1,2,1.35,99,0,0,0,22.2,0.108,23,-1
1,4,1.95,99,76,15,51,23.2,0.223,21,-1
1,1,1.58,88,62,24,44,29.9,0.422,23,-1
1,12,2.58,121,78,17,0,26.5,0.259,62,-1
1,6,2.23,115,60,39,0,33.7,0.245,40,1
1,7,2.23,62,78,0,0,32.6,0.391,41,-1
1,0,0,95,64,39,105,44.6,0.366,22,-1
1,3,1.68,111,62,0,0,22.6,0.142,21,-1
1,4,2.08,129,86,20,270,35.1,0.231,23,-1
1,5,2.63,114,74,0,0,24.9,0.744,57,-1
1,3,2.07,87,60,18,0,21.8,0.444,21,-1
1,1,2.15,120,80,48,200,38.9,1.162,41,-1
1,6,1.93,80,80,36,0,39.8,0.177,28,-1
1,3,2.02,128,78,0,0,21.1,0.268,55,-1
1,4,2.43,125,80,0,0,32.3,0.536,27,1
1,7,2.28,107,74,0,0,29.6,0.254,31,1
1,1,1.34,106,76,0,0,37.5,0.197,26,-1
1,2,2.07,105,75,0,0,23.3,0.56,53,-1
1,0,0,177,60,29,478,34.6,1.072,21,1
1,11,2.6,143,94,33,146,36.6,0.254,51,1
1,1,1.35,97,70,40,0,38.1,0.218,30,-1
1,3,2.36,187,70,22,200,36.4,0.408,36,1
1,6,2.5,190,92,0,0,35.5,0.278,66,1
1,5,2.4,139,80,35,160,31.6,0.361,25,1
1,3,1.94,142,80,15,0,32.4,0.2,63,-1
1,2,1.87,117,90,19,71,25.2,0.313,21,-1
1,8,3.27,197,74,0,0,25.9,1.191,39,1
1,1,1.64,80,74,11,60,30,0.527,22,-1
1,1,1.27,91,64,24,0,29.2,0.192,21,-1
1,4,2.6,109,64,44,99,34.8,0.905,26,1
1,3,2.1,130,78,23,79,28.4,0.323,34,1
1,2,2.34,142,82,18,64,24.7,0.761,21,-1
1,2,2.04,120,54,0,0,26.8,0.455,27,-1
1,0,0,129,80,0,0,31.2,0.703,29,-1
1,3,2.5,162,52,38,0,37.2,0.652,24,1
1,2,1.89,111,60,0,0,26.2,0.343,23,-1
1,6,2.97,119,50,22,176,27.1,1.318,33,1
1,1,1.96,109,56,21,135,25.2,0.833,23,-1
1,0,0,180,66,39,0,42,1.893,25,1
1,2,1.66,127,46,21,335,34.4,0.176,22,-1
1,0,0,93,100,39,72,43.4,1.021,35,-1
1,5,2.25,122,86,0,0,34.7,0.29,33,-1
1,7,2.63,159,66,0,0,30.4,0.383,36,1
1,7,2.81,133,84,0,0,40.2,0.696,37,-1
1,5,2.06,88,78,30,0,27.6,0.258,37,-1
1,9,2.65,165,88,0,0,30.4,0.302,49,1
1,6,2.2,147,80,0,0,29.5,0.178,50,1
1,6,2.05,117,96,0,0,28.7,0.157,30,-1
1,7,2.35,105,0,0,0,0,0.305,24,-1
1,0,0,126,84,29,215,30.7,0.52,24,-1
1,7,2.52,187,68,39,304,37.7,0.254,41,1
1,1,1.31,107,50,19,0,28.3,0.181,29,-1
1,5,2.09,162,104,0,0,37.7,0.151,52,1
1,1,1.13,124,74,36,0,27.8,0.1,30,-1
1,2,2.34,124,68,28,205,32.9,0.875,30,1
1,9,2.62,123,70,44,94,33.1,0.374,40,-1
1,10,2.87,90,85,32,0,34.9,0.825,56,1
1,3,2.36,103,72,30,152,27.6,0.73,27,-1
1,3,1.83,112,74,30,0,31.6,0.197,25,1
1,6,2.3,93,50,30,64,28.7,0.356,23,-1
1,1,1.54,119,44,47,63,35.5,0.28,25,-1
1,4,2.14,141,74,0,0,27.6,0.244,40,-1
1,3,2.09,102,44,20,94,30.8,0.4,26,-1
1,0,0,95,85,25,36,37.4,0.247,24,1
1,6,2.29,85,78,0,0,31.2,0.382,42,-1
1,6,2.48,166,74,0,0,26.6,0.304,66,-1
1,6,2.1,137,61,0,0,24.2,0.151,55,-1
1,3,1.97,150,76,0,0,21,0.207,37,-1
1,2,1.68,81,60,22,0,27.7,0.29,25,-1
1,4,2.34,123,80,15,176,32,0.443,34,-1
1,0,0,73,0,0,0,21.1,0.342,25,-1
1,4,2.07,99,72,17,0,25.6,0.294,28,-1
1,4,2.17,154,62,31,284,32.8,0.237,23,-1
1,3,2.21,120,70,30,135,42.9,0.452,30,-1
1,8,2.57,95,72,0,0,36.8,0.485,57,-1
1,4,1.72,110,76,20,100,28.4,0.118,27,-1
1,1,1.83,100,66,15,56,23.6,0.666,26,-1
1,1,1.88,189,60,23,846,30.1,0.398,59,1
1,10,2.8,122,78,31,0,27.6,0.512,45,-1
1,5,1.97,128,80,0,0,34.6,0.144,45,-1
1,7,2.66,184,84,33,0,35.5,0.355,41,1
1,2,2.09,94,76,18,66,31.6,0.649,23,-1
1,0,0,119,66,27,0,38.8,0.259,22,-1
1,0,0,107,76,0,0,45.3,0.686,24,-1
1,2,2.33,121,70,32,95,39.1,0.886,23,-1
1,0,0,105,64,41,142,41.5,0.173,22,-1
1,1,1.48,71,62,0,0,21.8,0.416,26,-1
1,3,2.17,89,74,16,85,30.4,0.551,38,-1
1,1,1.99,119,86,39,220,45.6,0.808,29,1
1,11,2.45,85,74,0,0,30.1,0.3,35,-1
1,0,0,74,52,10,36,27.8,0.269,22,-1
1,9,2.51,156,86,0,0,24.8,0.23,53,1
1,5,2.17,112,66,0,0,37.8,0.261,41,1
1,4,2.48,127,88,11,155,34.5,0.598,28,-1
1,3,2.24,191,68,15,130,30.9,0.299,34,-1
1,4,2.22,144,58,28,140,29.5,0.287,37,-1
1,11,3.02,120,80,37,150,42.3,0.785,48,1
1,1,0,0,74,20,23,27.7,0.299,21,-1
1,5,2.22,158,70,0,0,29.8,0.207,63,-1
1,0,0,141,0,0,0,42.4,0.205,29,1
1,12,2.48,84,72,31,0,29.7,0.297,46,1
1,0,0,86,68,32,0,35.8,0.238,25,-1
1,4,2.34,90,0,0,0,28,0.61,31,-1
1,1,1.78,112,72,30,176,34.4,0.528,25,-1
1,1,1.82,100,72,12,70,25.3,0.658,28,-1
1,0,0,124,70,20,0,27.4,0.254,36,1
1,6,1.65,87,80,0,0,23.2,0.084,32,-1
1,6,2.67,107,88,0,0,36.8,0.727,31,-1
1,1,1.45,151,60,0,0,26.1,0.179,22,-1
1,13,2.39,106,72,54,0,36.6,0.178,45,-1
1,3,2.7,173,78,39,185,33.8,0.97,31,1
1,5,1.99,73,60,0,0,26.8,0.268,27,-1
1,1,1.88,167,74,17,144,23.4,0.447,33,1
1,6,2.54,125,68,30,120,30,0.464,32,-1
1,3,2.44,96,56,34,115,24.7,0.944,39,-1
1,0,0,123,88,37,0,35.2,0.197,29,-1
1,10,2.72,161,68,23,132,25.5,0.326,47,1
1,8,2.35,167,106,46,231,37.6,0.165,43,1
1,1,1.66,100,66,29,196,32,0.444,42,-1
1,4,2.48,146,78,0,0,38.5,0.52,67,1
1,4,2.32,154,72,29,126,31.3,0.338,37,-1
1,3,2.26,170,64,37,225,34.5,0.356,30,1
1,2,2.27,109,92,0,0,42.7,0.845,54,-1
1,8,2.75,109,76,39,114,27.9,0.64,31,1
1,5,2.16,108,72,43,75,36.1,0.263,33,-1
1,1,1.52,88,78,29,76,32,0.365,29,-1
1,4,2.3,114,65,0,0,21.9,0.432,37,-1
1,0,0,117,66,31,188,30.8,0.493,22,-1
1,4,2.12,90,88,47,54,37.7,0.362,29,-1
1,1,1.35,91,54,25,100,25.2,0.234,23,-1
1,4,2.37,95,70,32,0,32.1,0.612,24,-1
1,4,2.36,147,74,25,293,34.9,0.385,30,-1
1,2,1.92,122,70,27,0,36.8,0.34,27,-1
1,0,0,109,88,30,0,32.5,0.855,38,1
1,0,0,162,76,36,0,49.6,0.364,26,1
1,5,1.91,104,74,0,0,28.8,0.153,48,-1
1,0,0,105,84,0,0,27.9,0.741,62,1
1,13,3.16,152,90,33,29,26.8,0.731,43,1
1,0,0,95,80,45,92,36.5,0.33,26,-1
1,5,2.68,96,74,18,67,33.6,0.997,43,-1
1,4,2.19,183,0,0,0,28.4,0.212,36,1
1,10,2.24,101,76,48,180,32.9,0.171,63,-1
1,0,0,137,68,14,148,24.8,0.143,21,-1
1,4,2.35,132,86,31,0,28,0.419,63,-1
1,2,2.5,92,76,20,0,24.2,1.698,28,-1
1,0,0,118,64,23,89,0,1.731,21,-1
1,2,1.43,102,86,36,120,45.5,0.127,23,1
1,2,2.18,105,80,45,191,33.7,0.711,29,1
1,0,0,134,58,20,291,26.4,0.352,21,-1
1,0,0,125,68,0,0,24.7,0.206,21,-1
1,2,2.35,174,88,37,120,44.5,0.646,24,1
1,1,1.6,93,56,11,0,22.5,0.417,22,-1
1,0,0,140,65,26,130,42.6,0.431,24,1
1,0,0,125,96,0,0,22.5,0.262,21,-1
1,4,2.79,111,72,47,207,37.1,1.39,56,1
1,0,0,102,52,0,0,25.1,0.078,21,-1
1,6,2.35,144,72,27,228,33.9,0.255,40,-1
1,5,2.39,99,54,28,83,34,0.499,30,-1
1,1,1.4,119,54,13,50,22.3,0.205,24,-1
1,10,2.47,108,66,0,0,32.4,0.272,42,1
1,7,3.01,194,68,28,0,35.9,0.745,41,1
1,0,0,84,82,31,125,38.2,0.233,23,-1
1,0,0,189,104,25,0,34.3,0.435,41,1
1,1,1.36,95,82,25,180,35,0.233,43,1
1,2,2.24,100,66,20,90,32.9,0.867,28,1
1,7,2.58,137,90,41,0,32,0.391,39,-1
1,4,2.24,97,60,23,0,28.2,0.443,22,-1
1,8,3.01,179,72,42,130,32.7,0.719,36,1
1,0,0,91,68,32,210,39.9,0.381,25,-1
1,1,1.5,118,58,36,94,33.3,0.261,23,-1
1,0,0,131,88,0,0,31.6,0.743,32,1
1,1,1.32,96,122,0,0,22.4,0.207,27,-1
1,2,2.22,118,80,0,0,42.9,0.693,21,1
1,5,2.36,111,72,28,0,23.9,0.407,27,-1
1,2,2.13,87,0,23,0,28.9,0.773,25,-1
1,0,0,161,50,0,0,21.9,0.254,65,-1
1,4,2.81,136,70,0,0,31.2,1.182,22,1
1,1,1.95,81,74,41,57,46.3,1.096,32,-1
1,0,0,119,0,0,0,32.4,0.141,24,1
1,1,1.48,111,94,0,0,32.8,0.265,45,-1
1,6,0,0,68,41,0,39,0.727,41,1
1,3,2.46,100,68,23,81,31.6,0.949,28,-1
1,1,1.77,116,78,29,180,36.1,0.496,25,-1
1,5,2.41,78,48,0,0,33.7,0.654,25,-1
1,1,1.69,144,82,46,180,46.1,0.335,46,1
1,1,1.67,79,80,25,37,25.4,0.583,22,-1
1,7,2.31,179,95,31,0,34.2,0.164,60,-1
1,4,2.63,118,70,0,0,44.5,0.904,26,-1
1,7,2.79,136,74,26,135,26,0.647,51,-1
1,5,2.72,85,74,22,0,29,1.224,32,1
1,2,1.53,112,75,32,0,35.7,0.148,21,-1
1,1,1.51,79,75,30,0,32,0.396,22,-1
1,0,0,135,68,42,250,42.3,0.365,24,1
1,6,1.96,125,76,0,0,33.8,0.121,54,1
1,6,2.24,111,64,39,0,34.2,0.26,24,-1
1,1,1.21,173,74,0,0,36.8,0.088,38,1
1,6,2.24,162,62,0,0,24.3,0.178,50,1
1,7,2.35,195,70,33,145,25.1,0.163,55,1
1,3,2.18,90,78,0,0,42.7,0.559,21,-1
1,8,2.8,151,78,32,210,42.9,0.516,36,1
1,1,1.81,95,74,21,73,25.9,0.673,36,-1
1,2,2,146,70,38,360,28,0.337,29,1
1,0,0,137,70,38,0,33.2,0.17,22,-1
1,1,1.49,85,66,29,0,26.6,0.351,31,-1
1,2,1.4,92,62,28,0,31.6,0.13,24,-1
1,8,2.4,120,86,0,0,28.4,0.259,22,1
1,1,1.3,103,30,38,83,43.3,0.183,33,-1
1,2,1.99,115,64,22,0,30.8,0.421,21,-1
1,3,2.2,132,80,0,0,34.4,0.402,44,1
1,8,2.74,154,78,32,0,32.4,0.443,45,1
1,5,2.2,103,108,37,0,39.2,0.305,65,-1
1,0,0,151,90,46,0,42.1,0.371,21,1
1,8,2.63,91,82,0,0,35.6,0.587,68,-1
1,0,0,132,78,0,0,32.4,0.393,21,-1
1,8,2.49,84,74,31,0,38.3,0.457,39,-1
1,2,2.47,106,64,35,119,30.5,1.4,34,-1
1,12,2.6,88,74,40,54,35.3,0.378,48,-1
1,0,0,138,60,35,167,34.6,0.534,21,1
1,2,2.16,95,54,14,88,26.1,0.748,22,-1
1,11,2.16,103,68,40,0,46.2,0.126,42,-1
1,1,1.71,89,24,19,25,27.8,0.559,21,-1
1,9,2.56,106,52,0,0,31.2,0.38,42,-1
1,3,2.28,182,74,0,0,30.5,0.345,29,1
1,2,2.3,122,52,43,158,36.2,0.816,28,-1
1,1,1.73,101,50,15,36,24.2,0.526,26,-1
1,10,2.48,115,0,0,0,0,0.261,30,1
1,5,2.18,106,82,30,0,39.5,0.286,38,-1
1,0,0,104,64,37,64,33.6,0.51,22,1
1,10,3.17,148,84,48,237,37.6,1.001,51,1
1,3,2.57,129,92,49,155,36.4,0.968,32,1
1,3,1.82,106,72,0,0,25.8,0.207,27,-1
1,1,1.38,71,48,18,76,20.4,0.323,22,-1
1,8,2.37,125,96,0,0,0,0.232,54,1
1,0,0,145,0,0,0,44.2,0.63,31,1
1,3,1.63,80,0,0,0,0,0.174,22,-1
1,8,2.93,194,80,0,0,26.1,0.551,67,-1
1,13,2.8,104,72,0,0,31.2,0.465,38,1
1,12,2.61,140,85,33,0,37.4,0.244,41,-1
1,7,2.53,100,0,0,0,30,0.484,32,1
1,8,2.6,120,78,0,0,25,0.409,64,-1
1,2,1.94,107,74,30,100,33.6,0.404,23,-1
1,1,2.02,109,60,8,182,25.4,0.947,21,-1
1,2,2.13,100,70,52,57,40.5,0.677,25,-1
1,2,1.87,100,64,23,0,29.7,0.368,21,-1
1,5,2.69,166,72,19,175,25.8,0.587,51,1
1,2,2.11,123,48,32,165,42.1,0.52,26,-1
1,0,0,165,76,43,255,47.9,0.259,26,-1
1,1,2.19,143,84,23,310,42.4,1.076,22,-1
1,7,2.32,114,66,0,0,32.8,0.258,42,1
1,5,2.11,44,62,0,0,25,0.587,36,-1
1,0,0,179,50,36,159,37.8,0.455,22,1
1,5,2.22,123,74,40,77,34.1,0.269,28,-1
1,1,2.11,143,86,30,330,30.1,0.892,23,-1
1,14,2.72,175,62,30,0,33.6,0.212,38,1
1,3,1.58,116,74,15,105,26.3,0.107,24,-1
1,7,2.83,142,60,33,190,28.8,0.687,61,-1
1,9,2.36,154,78,30,100,30.9,0.164,45,-1
1,9,2.26,72,78,25,0,31.6,0.28,38,-1
1,7,2.57,114,76,17,110,23.8,0.466,31,-1
1,10,2.2,111,70,27,0,27.5,0.141,40,1
1,3,1.72,115,66,39,140,38.1,0.15,28,-1
1,0,0,188,82,14,185,32,0.682,22,1
1,3,1.92,99,62,19,74,21.8,0.279,26,-1
1,9,2.22,91,68,0,0,24.2,0.2,58,-1
1,10,2.19,115,0,0,0,35.3,0.134,29,-1
1,6,2.72,108,44,20,130,24,0.813,35,-1
1,0,0,67,76,0,0,45.3,0.194,46,-1
1,2,1.85,146,0,0,0,27.5,0.24,28,1
1,2,1.88,155,52,27,540,38.7,0.24,25,1
1,2,1.8,197,70,45,543,30.5,0.158,53,1
1,4,2.51,144,82,32,0,38.5,0.554,37,1
1,1,1.41,95,60,18,58,23.9,0.26,22,-1
1,3,1.83,84,72,32,0,37.2,0.267,28,-1
1,3,2.12,163,70,18,105,31.6,0.268,28,1
1,1,1.96,139,46,19,83,28.7,0.654,22,-1
1,7,2.17,81,78,40,48,46.7,0.261,42,-1
1,1,2.44,199,76,43,0,42.9,1.394,22,1
1,5,2.27,97,76,27,0,35.6,0.378,52,1
1,9,3.11,112,82,24,0,28.2,1.282,50,1
1,8,2.95,181,68,36,495,30.1,0.615,60,1
1,0,0,93,60,0,0,35.3,0.263,25,-1
1,4,3.26,197,70,39,744,36.7,2.329,31,-1
1,5,2.45,166,76,0,0,45.7,0.34,27,1
1,0,0,128,68,19,180,30.5,1.391,25,1
1,1,0.99,87,78,27,32,34.6,0.101,22,-1
1,1,1.74,136,74,50,204,37.4,0.399,24,-1
1,0,0,165,90,33,680,52.3,0.427,23,-1
1,1,1.74,117,60,23,106,33.8,0.466,27,-1
1,1,1.92,146,56,0,0,29.7,0.564,29,-1
1,1,0,0,48,20,0,24.7,0.14,22,-1
1,5,2.07,116,74,0,0,25.6,0.201,30,-1
1,1,1.93,122,64,32,156,35.1,0.692,30,1
1,3,2.49,80,82,31,70,34.2,1.292,27,1
1,3,1.99,82,70,0,0,21.1,0.389,25,-1
1,3,1.82,116,0,0,0,23.5,0.187,23,-1
1,7,2.27,161,86,0,0,30.4,0.165,47,1
1,0,0,117,0,0,0,33.8,0.932,44,-1
1,1,1.2,89,66,23,94,28.1,0.167,21,-1
1,5,2.29,136,84,41,88,35,0.286,35,1
1,4,2.5,146,92,0,0,31.2,0.539,61,1
1,2,1.99,146,76,35,194,38.2,0.329,29,-1
1,7,2.93,109,80,31,0,35.9,1.127,43,1
1,3,2.17,180,64,25,70,34,0.271,26,-1
1,5,2.14,143,78,0,0,45,0.19,47,-1
1,0,0,84,64,22,66,35.8,0.545,21,-1
1,4,1.77,99,68,38,0,32.8,0.145,33,-1
1,1,1.38,81,72,18,40,26.6,0.283,24,-1
1,3,2.15,193,70,31,0,34.9,0.241,25,1
1,0,0,152,82,39,272,41.5,0.27,27,-1
1,5,2.5,158,84,41,210,39.4,0.395,29,1
1,6,2.59,195,70,0,0,30.9,0.328,31,1
1,0,0,113,80,16,0,31,0.874,21,-1
1,4,2.19,128,70,0,0,34.3,0.303,24,-1
1,0,0,137,84,27,0,27.3,0.231,59,-1
1,1,2.09,172,68,49,579,42.4,0.702,28,1
1,12,2.77,100,84,33,105,30,0.488,46,-1
1,2,2.13,88,58,26,16,28.4,0.766,22,-1
1,7,2.88,150,66,42,342,34.7,0.718,42,-1
1,4,1.75,94,65,22,0,24.7,0.148,21,-1
1,6,2.62,102,90,39,0,35.7,0.674,28,-1
1,2,1.66,90,80,14,55,24.4,0.249,24,-1
1,4,1.93,110,92,0,0,37.6,0.191,30,-1
1,3,2.61,158,76,36,245,31.6,0.851,28,1
1,6,2.65,104,74,18,156,29.9,0.722,41,1
1,7,3.03,187,50,33,392,33.9,0.826,34,1
1,5,2.51,147,75,0,0,29.9,0.434,28,-1
1,2,1.63,157,74,35,440,39.4,0.134,30,-1
1,2,2.2,85,65,0,0,39.6,0.93,27,-1
1,8,2.32,110,76,0,0,27.8,0.237,58,-1
1,5,2.06,168,64,0,0,32.9,0.135,41,1
1,10,3.06,101,86,37,0,45.6,1.136,38,1
1,2,1.85,112,68,22,94,34.1,0.315,26,-1
1,3,2.06,148,66,25,0,32.5,0.256,22,-1
1,1,1.55,87,68,34,77,37.6,0.401,24,-1
1,1,1.65,88,30,42,99,55,0.496,26,1
1,6,2.3,103,72,32,190,37.7,0.324,55,-1
1,0,0,131,0,0,0,43.2,0.27,26,1
1,4,2.52,171,72,0,0,43.6,0.479,26,1
1,4,2.12,96,56,17,49,20.8,0.34,26,-1
1,0,0,167,0,0,0,32.3,0.839,30,1
1,7,2.77,114,64,0,0,27.4,0.732,34,1
1,4,2.04,95,60,32,0,35.4,0.284,28,-1
1,6,2.18,80,66,30,0,26.2,0.313,41,-1
1,1,1.88,139,62,41,480,40.7,0.536,21,-1
1,14,2.76,100,78,25,184,36.6,0.412,46,1
1,6,2.72,154,78,41,140,46.1,0.571,27,-1
1,3,1.67,99,54,19,86,25.6,0.154,24,-1
1,3,3.05,173,82,48,465,38.4,2.137,25,1
1,1,1.79,115,70,30,96,34.6,0.529,32,1
1,1,1.58,143,74,22,61,26.2,0.256,21,-1
1,4,2.6,103,60,33,192,24,0.966,33,-1
1,1,1.53,138,82,0,0,40.1,0.236,28,-1
1,8,2.88,112,72,0,0,23.6,0.84,58,-1
1,5,2.48,109,75,26,0,36,0.546,60,-1
1,9,3,145,88,34,165,30.3,0.771,53,1
1,0,0,180,90,26,90,36.5,0.314,35,1
1,0,0,104,64,23,116,27.8,0.454,23,-1
1,4,2.21,132,0,0,0,32.9,0.302,23,1
1,9,2.9,120,72,22,56,20.8,0.733,48,-1
1,1,1.2,128,82,17,183,27.5,0.115,22,-1
1,3,2.33,113,50,10,85,29.5,0.626,25,-1
1,1,1.79,113,64,35,0,33.6,0.543,21,1
1,1,2.23,128,98,41,58,32,1.321,33,1
1,2,2.25,122,60,18,106,29.8,0.717,22,-1
1,9,2.5,124,70,33,402,35.4,0.282,34,-1
1,1,1.31,105,58,0,0,24.3,0.187,21,-1
1,9,2.34,164,78,0,0,32.8,0.148,45,1
1,10,2.19,92,62,0,0,25.9,0.167,31,-1
1,4,1.77,114,64,0,0,28.9,0.126,24,-1
1,3,2.27,111,56,39,0,30.1,0.557,30,-1
1,2,2.28,108,62,10,278,25.3,0.881,22,-1
1,0,0,78,88,29,40,36.9,0.434,21,-1
1,1,2.08,125,50,40,167,33.3,0.962,28,1
1,0,0,126,86,27,120,27.4,0.515,21,-1
1,1,2.13,128,88,39,110,36.5,1.057,37,1
1,0,0,173,78,32,265,46.5,1.159,58,-1
1,1,1.76,164,82,43,67,32.8,0.341,50,-1
1,3,2.13,173,84,33,474,35.7,0.258,22,1
1,9,2.74,134,74,33,60,25.9,0.46,81,-1
1,1,1.27,107,68,19,0,26.5,0.165,24,-1
1,2,2.45,128,64,42,0,40,1.101,24,-1
1,1,2.01,90,68,8,0,24.5,1.138,36,-1
1,0,0,180,78,63,14,59.4,2.42,25,1
1,0,0,102,86,17,105,29.3,0.695,27,-1
1,0,0,179,90,27,0,44.1,0.686,23,1
1,2,1.72,89,90,30,0,33.5,0.292,42,-1
1,1,1.49,102,74,0,0,39.5,0.293,42,1
1,8,2.83,124,76,24,600,28.7,0.687,52,1
1,4,2.25,151,90,38,0,29.7,0.294,36,-1
1,8,2.92,108,70,0,0,30.5,0.955,33,1
1,4,1.95,92,80,0,0,42.2,0.237,29,-1
1,4,2.57,142,86,0,0,44,0.645,22,1
1,3,2.14,169,74,19,125,29.9,0.268,31,1
1,11,2.81,138,76,0,0,33.2,0.42,35,-1
1,6,2.89,154,74,32,193,29.3,0.839,39,-1
1,1,1.54,82,64,13,95,21.2,0.415,23,-1
1,5,2.25,95,72,33,0,37.7,0.37,27,-1
1,0,0,108,68,20,0,27.3,0.787,32,-1
1,0,0,137,40,35,168,43.1,2.288,33,1
1,11,3.05,111,84,40,0,46.8,0.925,45,1
1,5,2.3,115,76,0,0,31.2,0.343,44,1
1,4,2.02,85,58,22,49,27.8,0.306,28,-1
1,3,1.97,122,78,0,0,23,0.254,40,-1
1,6,2.64,134,70,23,130,35.4,0.542,29,1
1,8,2.18,100,76,0,0,38.7,0.19,42,-1
1,1,1.31,157,72,21,168,25.6,0.123,24,-1
1,1,1.48,97,64,19,82,18.2,0.299,21,-1
1,0,0,121,66,30,165,34.3,0.203,33,1
1,11,2.93,138,74,26,144,36.1,0.557,50,1
1,1,1.68,117,88,24,145,34.5,0.403,40,1
1,7,2.82,160,54,32,175,30.5,0.588,39,1
1,4,2.05,146,85,27,100,28.9,0.189,27,-1
1,7,2.6,129,68,49,125,38.5,0.439,43,1
1,5,2.51,144,82,26,285,32,0.452,58,1
1,8,2.62,74,70,40,49,35.3,0.705,39,-1
1,2,1.87,129,84,0,0,28,0.284,27,-1
1,2,1.21,90,70,17,0,27.3,0.085,22,-1
1,3,1.67,121,52,0,0,36,0.127,25,1
1,9,2.45,119,80,35,0,29,0.263,29,1
1,9,3.09,164,84,21,0,30.8,0.831,32,1
1,5,2.18,88,66,21,23,24.4,0.342,30,-1
1,6,2.05,102,82,0,0,30.8,0.18,36,1
1,0,0,99,0,0,0,25,0.253,22,-1
1,5,2.21,147,78,0,0,33.7,0.218,65,-1
1,2,2.3,141,58,34,128,25.4,0.699,24,-1
1,9,3.09,152,78,34,171,34.2,0.893,33,1
1,7,2.11,142,90,24,480,30.4,0.128,43,1
1,0,0,102,75,23,0,0,0.572,21,-1
1,0,0,111,65,0,0,24.6,0.66,31,-1
1,2,2.02,83,65,28,66,36.8,0.629,24,-1
1,5,2.14,124,74,0,0,34,0.22,38,1
1,13,2.98,126,90,0,0,43.4,0.583,42,1
1,2,1.42,68,70,32,66,25,0.187,25,-1
1,3,2.16,111,58,31,44,29.5,0.43,22,-1
1,1,1.34,80,55,0,0,19.1,0.258,21,-1
1,7,2.77,97,76,32,91,40.9,0.871,32,1
1,8,2.25,120,0,0,0,30,0.183,38,1
1,2,2.21,84,50,23,76,30.4,0.968,21,-1
1,3,2.15,158,64,13,387,31.2,0.295,24,-1
1,7,2.39,133,88,15,155,32.4,0.262,37,-1
1,3,2.01,171,72,33,135,33.3,0.199,24,1
1,1,1.23,111,86,19,0,30.1,0.143,23,-1
1,10,2.47,162,84,0,0,27.7,0.182,54,-1
1,1,1.79,130,70,13,105,25.9,0.472,22,-1
1,5,2.01,99,74,27,0,29,0.203,32,-1
1,13,2.67,145,82,19,110,22.2,0.245,57,-1
1,1,1.65,108,88,19,0,27.1,0.4,24,-1
1,2,1.92,83,66,23,50,32.2,0.497,22,-1
1,3,1.86,108,62,24,0,26,0.223,25,-1
1,8,2.17,143,66,0,0,34.9,0.129,41,1
1,11,2.59,136,84,35,130,28.3,0.26,42,1
1,17,3.36,163,72,41,114,40.9,0.817,47,1
1,1,2.03,153,82,42,485,40.6,0.687,23,-1
1,6,2.63,125,78,31,0,27.6,0.565,49,1
1,7,2.52,159,64,0,0,27.4,0.294,40,-1
1,2,2.1,99,52,15,94,24.6,0.637,21,-1
1,6,2.04,96,0,0,0,23.7,0.19,28,-1
1,0,0,118,84,47,230,45.8,0.551,31,1
1,0,0,117,80,31,53,45.2,0.089,24,-1
1,2,1.84,112,66,22,0,25,0.307,24,-1
1,3,1.93,99,80,11,64,19.3,0.284,30,-1
1,2,1.9,129,0,0,0,38.5,0.304,41,-1
1,8,2.8,186,90,35,225,34.5,0.423,37,1
1,8,1.97,85,55,20,0,24.4,0.136,42,-1
1,5,2.21,110,68,0,0,26,0.292,30,-1
1,3,1.76,125,58,0,0,31.6,0.151,24,-1
1,2,1.68,99,70,16,44,20.4,0.235,27,-1
1,3,1.58,102,74,0,0,29.5,0.121,32,-1
1,1,2.06,90,62,18,59,25.1,1.268,25,-1
1,13,3.37,153,88,37,140,40.6,1.174,39,-1
1,4,2.71,189,110,31,0,28.5,0.68,37,-1
1,2,1.76,108,80,0,0,27,0.259,52,1
1,0,0,101,76,0,0,35.7,0.198,26,-1
1,2,2.45,82,52,22,115,28.5,1.699,25,-1
1,6,2.8,151,62,31,120,35.5,0.692,28,-1
1,1,1.53,114,66,36,200,38.1,0.289,21,-1
1,0,0,141,84,26,0,32.4,0.433,22,-1
1,7,2.43,125,86,0,0,37.6,0.304,51,-1
1,3,2.06,124,80,33,130,33.2,0.305,26,-1
1,0,0,123,72,0,0,36.3,0.258,52,1
1,1,1.99,77,56,30,56,33.3,1.251,24,-1
1,3,1.88,81,86,16,66,27.5,0.306,22,-1
1,2,1.72,84,0,0,0,0,0.304,21,-1
1,11,3.36,155,76,28,150,33.3,1.353,51,1
1,0,0,98,82,15,84,25.2,0.299,22,-1
1,2,1.95,81,72,15,76,30.1,0.547,25,-1
1,3,2.18,84,68,30,106,31.9,0.591,25,-1
1,0,0,101,62,0,0,21.9,0.336,25,-1
1,9,1.7,57,80,37,0,32.8,0.096,41,-1
1,1,2.36,181,78,42,293,40,1.258,22,1
1,2,1.96,90,68,42,0,38.2,0.503,27,1
1,0,0,93,60,25,92,28.7,0.532,22,-1
1,2,1.55,108,64,0,0,30.8,0.158,21,-1
1,5,1.93,105,72,29,325,36.9,0.159,28,-1
1,1,1.21,106,70,28,135,34.2,0.142,22,-1
1,4,2.44,129,60,12,231,27.5,0.527,31,-1
1,2,2.61,127,58,24,275,27.7,1.6,25,-1
1,1,1.66,92,62,25,41,19.5,0.482,25,-1
1,0,0,131,66,40,0,34.3,0.196,22,1
1,1,1.96,130,60,23,170,28.6,0.692,21,-1
1,1,1.26,89,76,34,37,31.2,0.192,23,-1
1,7,2.4,103,66,32,0,39.1,0.344,31,1
1,4,1.93,131,68,21,166,33.1,0.16,28,-1
1,4,2.25,117,62,12,0,29.7,0.38,30,1
1,4,2.29,184,78,39,277,37,0.264,31,1
1,2,2.36,197,70,99,0,34.7,0.575,62,1
1,0,0,107,62,30,74,36.6,0.757,25,1
1,1,2.11,193,50,16,375,25.9,0.655,24,-1
1,0,0,113,76,0,0,33.3,0.278,23,1
1,9,3.3,184,85,15,0,30,1.213,49,1
1,7,2.79,196,90,0,0,39.8,0.451,41,1
1,0,0,119,64,18,92,34.9,0.725,23,-1
1,4,2.24,115,72,0,0,28.9,0.376,46,1
1,8,2.87,107,80,0,0,24.6,0.856,34,-1
1,6,2.13,109,60,27,0,25,0.206,27,-1
1,0,0,114,80,34,285,44.2,0.167,27,-1
1,2,2.06,175,88,0,0,22.9,0.326,22,-1
1,2,1.34,114,68,22,0,28.7,0.092,25,-1
1,4,1.79,95,64,0,0,32,0.161,31,1
1,1,1.48,93,70,31,0,30.4,0.315,23,-1
1,1,1.81,124,60,32,0,35.8,0.514,21,-1
1,0,0,106,70,37,148,39.4,0.605,22,-1
1,2,1.68,139,75,0,0,25.6,0.167,29,-1
1,1,1.51,133,102,28,140,32.8,0.234,45,1
1,0,0,100,70,26,50,30.8,0.597,21,-1
1,3,1.66,61,82,28,0,34.4,0.243,46,-1
1,3,1.81,78,70,0,0,32.5,0.27,39,-1
1,8,2.82,176,90,34,300,33.7,0.467,58,1
1,3,1.97,106,54,21,158,30.9,0.292,24,-1
1,2,1.98,91,62,0,0,27.3,0.525,22,-1
1,0,0,104,76,0,0,18.4,0.582,27,-1
1,2,2.1,96,68,13,49,21.1,0.647,26,-1
1,3,1.93,129,64,29,115,26.4,0.219,28,1
1,10,2.41,125,70,26,115,31.1,0.205,41,1
1,1,1.65,126,60,0,0,30.1,0.349,47,1
1,2,1.46,108,62,32,56,25.2,0.128,21,-1
1,4,1.74,84,90,23,56,39.5,0.159,25,-1
1,2,1.48,87,58,16,52,32.7,0.166,25,-1
1,2,1.84,108,52,26,63,32.5,0.318,22,-1
1,6,2.44,91,0,0,0,29.8,0.501,31,-1
1,5,2.79,130,82,0,0,39.1,0.956,37,1
1,0,0,91,80,0,0,32.4,0.601,27,-1
1,0,0,57,60,0,0,21.7,0.735,67,-1
1,9,3.05,171,110,24,240,45.4,0.721,54,1
1,3,2.79,176,86,27,156,33.3,1.154,52,1
1,1,1.62,99,72,30,18,38.6,0.412,21,-1
1,1,2.07,140,74,26,180,24.1,0.828,23,-1
1,11,2.43,127,106,0,0,39,0.19,51,-1
1,0,0,181,88,44,510,43.3,0.222,26,1
1,1,1.72,131,64,14,415,23.7,0.389,21,-1
1,5,0,0,80,32,0,41,0.346,37,1
1,13,2.25,76,60,0,0,32.8,0.18,41,-1
1,2,2.08,122,76,27,200,35.9,0.483,26,-1
1,1,1.49,71,78,50,45,33.2,0.422,21,-1
1,2,1.62,88,74,19,53,29,0.229,22,-1
